Imatrix=[1 0 0 1/2;
    0 1 0 1/4;
    0 0 1 3/2;
    0 0 0 1]


Fmatrix=[-1/sqrt(2) 0 1/sqrt(2) 1;
    0 -1 0 1;
    1/sqrt(2) 0 1/sqrt(2) 0;
    0 0 0 1] 